s	algo1_time	algo2_time	algo3_time
1	0.000013	0.000060	0.000003
2	0.000011	0.000038	0.000002
3	0.000000	0.000053	0.000002
4	0.000014	0.000059	0.000002
5	0.000020	0.000065	0.000002
6	0.000000	0.000057	0.000001
7	0.000029	0.000077	0.000002
8	0.000032	0.000082	0.000002
9	0.000000	0.000088	0.000002
10	0.000050	0.000083	0.000001
11	0.000060	0.000100	0.000001
12	0.000000	0.000109	0.000002
13	0.000087	0.000114	0.000002
14	0.000097	0.000109	0.000001
15	0.000000	0.000127	0.000001
16	0.000130	0.000129	0.000001
17	0.000215	0.000146	0.000002
18	0.000000	0.000133	0.000001
19	0.000219	0.000242	0.000002
20	0.000234	0.000148	0.000001
21	0.000000	0.000152	0.000001
22	0.000298	0.000163	0.000001
23	0.000342	0.000166	0.000001
24	0.000000	0.000172	0.000002
25	0.000433	0.000180	0.000001
26	0.000790	0.000233	0.000002
27	0.000000	0.000292	0.000002
28	0.000695	0.000261	0.000002
29	0.000816	0.000271	0.000002
30	0.000000	0.000274	0.000002
31	0.001006	0.000285	0.000002
32	0.001057	0.000287	0.000002
33	0.000000	0.000297	0.000002
34	0.001415	0.000336	0.000002
35	0.001420	0.000288	0.000002
36	0.000000	0.000297	0.000001
37	0.001662	0.000342	0.000002
38	0.001638	0.000274	0.000002
39	0.000000	0.000306	0.000002
40	0.001723	0.000283	0.000001
41	0.001981	0.000294	0.000002
42	0.000000	0.000298	0.000002
43	0.002252	0.001218	0.000002
44	0.002315	0.000306	0.000001
45	0.000000	0.000336	0.000001
46	0.002373	0.000218	0.000002
47	0.001868	0.000340	0.000001
48	0.000000	0.000220	0.000001
49	0.002263	0.000274	0.000001
50	0.002206	0.000227	0.000001
51	0.000000	0.000231	0.000001
52	0.002668	0.000239	0.000001
53	0.002849	0.000348	0.000002
54	0.000000	0.000321	0.000002
55	0.003235	0.000280	0.000001
56	0.003310	0.000266	0.000001
57	0.000000	0.000264	0.000001
58	0.003687	0.000275	0.000001
59	0.003959	0.000283	0.000001
60	0.000000	0.000276	0.000001
61	0.004396	0.000287	0.000001
62	0.004677	0.000294	0.000001
63	0.000000	0.000292	0.000001
64	0.005221	0.000300	0.000001
65	0.005648	0.000309	0.000001
66	0.000000	0.000297	0.000001
67	0.006361	0.000309	0.000001
68	0.006382	0.000309	0.000001
69	0.000000	0.000319	0.000001
70	0.007354	0.000323	0.000001
71	0.007754	0.000367	0.000001
72	0.000000	0.000352	0.000001
73	0.008498	0.000365	0.000001
74	0.008817	0.000375	0.000001
75	0.000000	0.000371	0.000001
76	0.009769	0.000392	0.000001
77	0.010341	0.000398	0.000002
78	0.000000	0.000383	0.000001
79	0.011398	0.000406	0.000001
80	0.011651	0.000404	0.000002
81	0.000000	0.000389	0.000001
82	0.012697	0.000379	0.000001
83	0.013237	0.000393	0.000001
84	0.000000	0.000379	0.000001
85	0.014896	0.000448	0.000001
86	0.015270	0.000435	0.000001
87	0.000000	0.000441	0.000001
88	0.016082	0.000442	0.000001
89	0.016764	0.000446	0.000001
90	0.000000	0.000438	0.000001
91	0.018843	0.000436	0.000001
92	0.019131	0.000432	0.000001
93	0.000000	0.000428	0.000001
94	0.020883	0.000492	0.000002
95	0.021568	0.000452	0.000002
96	0.000000	0.000442	0.000001
97	0.023418	0.000451	0.000002
98	0.025604	0.000586	0.000002
99	0.000000	0.000619	0.000002
100	0.035177	0.000512	0.000002
101	0.026780	0.000478	0.000002
102	0.000000	0.000499	0.000001
103	0.028881	0.000476	0.000001
104	0.029869	0.000500	0.000001
105	0.000000	0.000477	0.000001
106	0.032452	0.000611	0.000002
107	0.033233	0.000680	0.000002
108	0.000000	0.000508	0.000001
109	0.035922	0.000506	0.000002
110	0.037266	0.000505	0.000002
111	0.000000	0.000503	0.000001
112	0.040222	0.000514	0.000001
113	0.041757	0.000518	0.000001
114	0.000000	0.000512	0.000001
115	0.044870	0.000531	0.000001
116	0.046160	0.000532	0.000001
117	0.000000	0.000527	0.000001
118	0.049739	0.000543	0.000002
119	0.052332	0.000554	0.000001
120	0.000000	0.000549	0.000001
121	0.055271	0.000567	0.000002
122	0.062355	0.000575	0.000001
123	0.000000	0.000567	0.000001
124	0.060922	0.000652	0.000003
125	0.064449	0.000640	0.000003
126	0.000000	0.000602	0.000001
127	0.070305	0.000641	0.000002
128	0.070447	0.000619	0.000002
129	0.000000	0.000666	0.000002
130	0.075942	0.000757	0.000002
131	0.078828	0.000666	0.000002
132	0.000000	0.000625	0.000001
133	0.082947	0.000634	0.000002
134	0.085105	0.000634	0.000002
135	0.000000	0.000612	0.000001
136	0.092432	0.000633	0.000001
137	0.095297	0.000906	0.000002
138	0.000000	0.001060	0.000002
139	0.108126	0.000659	0.000002
140	0.104825	0.000688	0.000002
141	0.000000	0.000644	0.000001
142	0.111075	0.000677	0.000002
143	0.116101	0.000713	0.000002
144	0.000000	0.000678	0.000001
145	0.129234	0.000765	0.000003
146	0.129699	0.000739	0.000003
147	0.000000	0.000695	0.000001
148	0.133358	0.000738	0.000002
149	0.140406	0.000735	0.000002
150	0.000000	0.000710	0.000002
151	0.146078	0.000720	0.000002
152	0.154917	0.000718	0.000002
153	0.000000	0.000701	0.000001
154	0.159185	0.000728	0.000003
155	0.177216	0.000741	0.000002
156	0.000000	0.000706	0.000001
157	0.174524	0.000740	0.000002
158	0.179940	0.000752	0.000002
159	0.000000	0.000719	0.000001
160	0.191122	0.000752	0.000002
161	0.207775	0.000776	0.000003
162	0.000000	0.000742	0.000001
163	0.212476	0.000811	0.000003
164	0.229533	0.000781	0.000002
165	0.000000	0.000764	0.000002
166	0.222630	0.000782	0.000002
167	0.229836	0.000841	0.000002
168	0.000000	0.000798	0.000001
169	0.243854	0.000877	0.000003
170	0.260405	0.000885	0.000003
171	0.000000	0.000813	0.000002
172	0.261683	0.000872	0.000003
173	0.270218	0.001122	0.000003
174	0.000000	0.000842	0.000002
175	0.285390	0.000878	0.000003
176	0.289652	0.000882	0.000002
177	0.000000	0.000840	0.000002
178	0.306355	0.001290	0.000003
179	0.318897	0.000851	0.000003
180	0.000000	0.000818	0.000001
181	0.332635	0.001229	0.000003
182	0.355540	0.001491	0.000004
183	0.000000	0.001641	0.000002
184	0.393628	0.000874	0.000003
185	0.364540	0.000886	0.000003
186	0.000000	0.000838	0.000002
187	0.388757	0.000890	0.000003
188	0.392524	0.000916	0.000003
189	0.000000	0.000870	0.000001
190	0.414960	0.000901	0.000002
191	0.427732	0.001745	0.000004
192	0.000000	0.001712	0.000003
193	0.450666	0.000923	0.000002
194	0.458584	0.000918	0.000002
195	0.000000	0.000894	0.000001
196	0.478198	0.000920	0.000002
197	0.499027	0.000939	0.000002
198	0.000000	0.000911	0.000001
199	0.515230	0.000954	0.000003
200	0.544483	0.000952	0.000002
201	0.000000	0.000927	0.000001
202	0.571579	0.000952	0.000003
203	0.568374	0.000960	0.000002
204	0.000000	0.000924	0.000002
205	0.610292	0.000967	0.000003
206	0.607365	0.000981	0.000003
207	0.000000	0.000949	0.000002
208	0.629872	0.000981	0.000003
209	0.640226	0.000984	0.000002
210	0.000000	0.000972	0.000001
211	0.671232	0.001021	0.000003
212	0.682558	0.001015	0.000003
213	0.000000	0.000972	0.000001
214	0.750444	0.001076	0.000003
215	0.736007	0.001009	0.000002
216	0.000000	0.000978	0.000001
217	0.782428	0.001020	0.000003
218	0.779538	0.001029	0.000003
219	0.000000	0.001010	0.000001
220	0.810439	0.001036	0.000003
221	0.826685	0.001039	0.000003
222	0.000000	0.001018	0.000002
223	0.890666	0.001071	0.000003
224	0.932749	0.001078	0.000002
225	0.000000	0.001024	0.000002
226	0.924390	0.001082	0.000003
227	0.938303	0.001090	0.000003
228	0.000000	0.001052	0.000001
229	0.980049	0.001127	0.000003
230	1.004909	0.001155	0.000002
231	0.000000	0.001083	0.000001
232	1.054572	0.001142	0.000002
233	1.075233	0.001097	0.000002
234	0.000000	0.001061	0.000001
235	1.100130	0.001169	0.000002
236	1.123406	0.001193	0.000002
237	0.000000	0.001120	0.000002
238	1.181000	0.001205	0.000003
239	1.255983	0.001127	0.000003
240	0.000000	0.001090	0.000001
241	1.250570	0.001137	0.000003
242	1.269110	0.001149	0.000003
243	0.000000	0.001107	0.000001
244	1.315078	0.001144	0.000002
245	1.363719	0.001200	0.000003
246	0.000000	0.001168	0.000002
247	1.373981	0.001167	0.000003
248	1.401758	0.001169	0.000003
249	0.000000	0.001143	0.000002
250	1.473000	0.001171	0.000002
251	1.555611	0.001180	0.000002
252	0.000000	0.001146	0.000002
253	1.542884	0.001211	0.000003
254	1.608306	0.001286	0.000002
255	0.000000	0.001235	0.000002
256	1.653497	0.002158	0.000003
257	1.660263	0.001236	0.000003
258	0.000000	0.001178	0.000001
259	1.727289	0.001287	0.000003
260	1.787934	0.001218	0.000002
261	0.000000	0.001198	0.000002
262	1.835684	0.001230	0.000002
263	1.857194	0.001243	0.000002
264	0.000000	0.001205	0.000001
265	1.928458	0.002369	0.000004
266	1.959374	0.001258	0.000003
267	0.000000	0.001212	0.000002
268	2.035606	0.001331	0.000003
269	2.052303	0.001267	0.000004
270	0.000000	0.001223	0.000001
271	2.118344	0.001278	0.000002
272	2.165914	0.001291	0.000003
273	0.000000	0.001258	0.000001
274	2.232633	0.001289	0.000003
275	2.284411	0.001300	0.000003
276	0.000000	0.001266	0.000002
277	2.356961	0.001302	0.000003
278	2.387503	0.001298	0.000003
279	0.000000	0.001265	0.000001
280	2.477098	0.001308	0.000003
281	2.523995	0.001377	0.000003
282	0.000000	0.001352	0.000002
283	2.618295	0.001385	0.000003
284	2.597205	0.001376	0.000003
285	0.000000	0.001354	0.000002
286	2.719837	0.001345	0.000003
287	2.781982	0.001384	0.000003
288	0.000000	0.001328	0.000001
289	2.862225	0.001356	0.000002
290	2.883898	0.001362	0.000003
291	0.000000	0.001338	0.000002
292	3.032835	0.001435	0.000002
293	3.020689	0.001449	0.000003
294	0.000000	0.001375	0.000002
295	3.173572	0.001439	0.000002
296	3.158635	0.001460	0.000003
297	0.000000	0.001406	0.000002
298	3.287880	0.001413	0.000003
299	3.349392	0.001396	0.000003
300	0.000000	0.001389	0.000002
301	0.000000	0.001369	0.000001
302	0.000000	0.001399	0.000001
303	0.000000	0.001544	0.000003
304	0.000000	0.001415	0.000001
305	0.000000	0.001440	0.000001
306	0.000000	0.001473	0.000002
307	0.000000	0.001596	0.000002
308	0.000000	0.001450	0.000001
309	0.000000	0.001437	0.000002
310	0.000000	0.001516	0.000002
311	0.000000	0.001833	0.000002
312	0.000000	0.001462	0.000001
313	0.000000	0.001468	0.000001
314	0.000000	0.001726	0.000002
315	0.000000	0.001503	0.000002
316	0.000000	0.001473	0.000001
317	0.000000	0.001476	0.000001
318	0.000000	0.001734	0.000002
319	0.000000	0.001493	0.000001
320	0.000000	0.001536	0.000001
321	0.000000	0.001490	0.000002
322	0.000000	0.001546	0.000002
323	0.000000	0.001690	0.000002
324	0.000000	0.001503	0.000001
325	0.000000	0.001502	0.000001
326	0.000000	0.001739	0.000002
327	0.000000	0.001520	0.000002
328	0.000000	0.001543	0.000001
329	0.000000	0.001859	0.000002
330	0.000000	0.001655	0.000001
331	0.000000	0.001503	0.000001
332	0.000000	0.001629	0.000001
333	0.000000	0.001813	0.000002
334	0.000000	0.001551	0.000002
335	0.000000	0.001566	0.000002
336	0.000000	0.001685	0.000002
337	0.000000	0.001931	0.000002
338	0.000000	0.001588	0.000002
339	0.000000	0.001585	0.000001
340	0.000000	0.001602	0.000001
341	0.000000	0.001789	0.000002
342	0.000000	0.001618	0.000002
343	0.000000	0.001593	0.000002
344	0.000000	0.001642	0.000002
345	0.000000	0.001780	0.000002
346	0.000000	0.001615	0.000002
347	0.000000	0.001675	0.000001
348	0.000000	0.001811	0.000001
349	0.000000	0.001666	0.000002
350	0.000000	0.001609	0.000001
351	0.000000	0.001722	0.000002
352	0.000000	0.001625	0.000001
353	0.000000	0.001620	0.000001
354	0.000000	0.001766	0.000001
355	0.000000	0.001613	0.000001
356	0.000000	0.001668	0.000001
357	0.000000	0.001701	0.000001
358	0.000000	0.001804	0.000001
359	0.000000	0.001723	0.000002
360	0.000000	0.001853	0.000002
361	0.000000	0.002074	0.000002
362	0.000000	0.001712	0.000002
363	0.000000	0.001719	0.000002
364	0.000000	0.001803	0.000002
365	0.000000	0.002110	0.000002
366	0.000000	0.001896	0.000002
367	0.000000	0.002020	0.000002
368	0.000000	0.002048	0.000002
369	0.000000	0.001741	0.000002
370	0.000000	0.001761	0.000002
371	0.000000	0.001888	0.000001
372	0.000000	0.001721	0.000001
373	0.000000	0.001758	0.000002
374	0.000000	0.002193	0.000002
375	0.000000	0.001761	0.000001
376	0.000000	0.001847	0.000002
377	0.000000	0.002011	0.000002
378	0.000000	0.001799	0.000001
379	0.000000	0.001801	0.000001
380	0.000000	0.001893	0.000002
381	0.000000	0.001749	0.000001
382	0.000000	0.001920	0.000002
383	0.000000	0.001990	0.000002
384	0.000000	0.001783	0.000001
385	0.000000	0.001816	0.000002
386	0.000000	0.002200	0.000002
387	0.000000	0.001772	0.000001
388	0.000000	0.001845	0.000002
389	0.000000	0.001883	0.000002
390	0.000000	0.001812	0.000001
391	0.000000	0.001849	0.000001
392	0.000000	0.002165	0.000002
393	0.000000	0.001798	0.000001
394	0.000000	0.001880	0.000002
395	0.000000	0.001928	0.000002
396	0.000000	0.001814	0.000001
397	0.000000	0.001996	0.000002
398	0.000000	0.002162	0.000002
399	0.000000	0.001859	0.000002
400	0.000000	0.001941	0.000002
401	0.000000	0.002018	0.000002
402	0.000000	0.002010	0.000001
403	0.000000	0.001920	0.000002
404	0.000000	0.001972	0.000002
405	0.000000	0.001878	0.000001
406	0.000000	0.002046	0.000002
407	0.000000	0.002084	0.000002
408	0.000000	0.001877	0.000001
409	0.000000	0.001863	0.000001
410	0.000000	0.002147	0.000002
411	0.000000	0.002073	0.000002
412	0.000000	0.001899	0.000001
413	0.000000	0.001997	0.000002
414	0.000000	0.001905	0.000002
415	0.000000	0.001899	0.000001
416	0.000000	0.002090	0.000002
417	0.000000	0.002019	0.000001
418	0.000000	0.001925	0.000001
419	0.000000	0.002117	0.000002
420	0.000000	0.002117	0.000001
421	0.000000	0.001929	0.000001
422	0.000000	0.002117	0.000002
423	0.000000	0.001945	0.000002
424	0.000000	0.002225	0.000002
425	0.000000	0.002039	0.000001
426	0.000000	0.001966	0.000001
427	0.000000	0.002057	0.000002
428	0.000000	0.002184	0.000002
429	0.000000	0.001951	0.000002
430	0.000000	0.002067	0.000001
431	0.000000	0.002226	0.000002
432	0.000000	0.001976	0.000001
433	0.000000	0.001987	0.000003
434	0.000000	0.002072	0.000001
435	0.000000	0.001986	0.000001
436	0.000000	0.002185	0.000001
437	0.000000	0.002140	0.000002
438	0.000000	0.002009	0.000002
439	0.000000	0.001998	0.000001
440	0.000000	0.002090	0.000002
441	0.000000	0.002210	0.000002
442	0.000000	0.002231	0.000002
443	0.000000	0.002069	0.000001
444	0.000000	0.002325	0.000002
445	0.000000	0.002130	0.000002
446	0.000000	0.002160	0.000002
447	0.000000	0.002094	0.000002
448	0.000000	0.002115	0.000001
449	0.000000	0.002288	0.000001
450	0.000000	0.002126	0.000001
451	0.000000	0.002148	0.000002
452	0.000000	0.002191	0.000001
453	0.000000	0.002212	0.000001
454	0.000000	0.002204	0.000002
455	0.000000	0.002179	0.000001
456	0.000000	0.002157	0.000002
457	0.000000	0.002213	0.000002
458	0.000000	0.002295	0.000002
459	0.000000	0.002645	0.000002
460	0.000000	0.002250	0.000002
461	0.000000	0.002146	0.000002
462	0.000000	0.002184	0.000003
463	0.000000	0.002521	0.000002
464	0.000000	0.002146	0.000002
465	0.000000	0.002405	0.000002
466	0.000000	0.002197	0.000002
467	0.000000	0.002149	0.000001
468	0.000000	0.002232	0.000003
469	0.000000	0.002200	0.000002
470	0.000000	0.002268	0.000002
471	0.000000	0.002254	0.000002
472	0.000000	0.002263	0.000001
473	0.000000	0.002301	0.000002
474	0.000000	0.002188	0.000001
475	0.000000	0.002201	0.000001
476	0.000000	0.002266	0.000003
477	0.000000	0.002271	0.000001
478	0.000000	0.002202	0.000002
479	0.000000	0.002306	0.000001
480	0.000000	0.002344	0.000002
481	0.000000	0.002197	0.000001
482	0.000000	0.002377	0.000002
483	0.000000	0.002200	0.000002
484	0.000000	0.002383	0.000002
485	0.000000	0.002344	0.000002
486	0.000000	0.002228	0.000001
487	0.000000	0.002510	0.000002
488	0.000000	0.002349	0.000002
489	0.000000	0.002262	0.000002
490	0.000000	0.002528	0.000002
491	0.000000	0.002347	0.000003
492	0.000000	0.002714	0.000002
493	0.000000	0.002290	0.000001
494	0.000000	0.002406	0.000002
495	0.000000	0.002579	0.000003
496	0.000000	0.002260	0.000002
497	0.000000	0.002282	0.000001
498	0.000000	0.002390	0.000003
499	0.000000	0.002405	0.000001
500	0.000000	0.002415	0.000002
501	0.000000	0.002561	0.000001
502	0.000000	0.002410	0.000002
503	0.000000	0.002372	0.000002
504	0.000000	0.002525	0.000002
505	0.000000	0.002513	0.000003
506	0.000000	0.002571	0.000002
507	0.000000	0.002381	0.000002
508	0.000000	0.002989	0.000002
509	0.000000	0.002415	0.000002
510	0.000000	0.002498	0.000002
511	0.000000	0.002587	0.000003
512	0.000000	0.002628	0.000002
513	0.000000	0.002575	0.000002
514	0.000000	0.002464	0.000002
515	0.000000	0.002407	0.000001
516	0.000000	0.002367	0.000002
517	0.000000	0.002526	0.000002
518	0.000000	0.002496	0.000002
519	0.000000	0.002586	0.000002
520	0.000000	0.002570	0.000002
521	0.000000	0.002623	0.000002
522	0.000000	0.002423	0.000002
523	0.000000	0.002660	0.000002
524	0.000000	0.002773	0.000002
525	0.000000	0.002440	0.000002
526	0.000000	0.002727	0.000002
527	0.000000	0.002443	0.000002
528	0.000000	0.002615	0.000002
529	0.000000	0.002741	0.000002
530	0.000000	0.002442	0.000002
531	0.000000	0.002568	0.000001
532	0.000000	0.002611	0.000002
533	0.000000	0.002573	0.000001
534	0.000000	0.002518	0.000001
535	0.000000	0.002818	0.000002
536	0.000000	0.002539	0.000002
537	0.000000	0.002451	0.000001
538	0.000000	0.002490	0.000002
539	0.000000	0.002792	0.000002
540	0.000000	0.002567	0.000002
541	0.000000	0.002568	0.000002
542	0.000000	0.002912	0.000002
543	0.000000	0.002500	0.000002
544	0.000000	0.002575	0.000001
545	0.000000	0.002647	0.000002
546	0.000000	0.002609	0.000002
547	0.000000	0.002690	0.000002
548	0.000000	0.002754	0.000002
549	0.000000	0.002651	0.000002
550	0.000000	0.002622	0.000002
551	0.000000	0.002538	0.000002
552	0.000000	0.002967	0.000002
553	0.000000	0.002540	0.000001
554	0.000000	0.002603	0.000001
555	0.000000	0.002754	0.000002
556	0.000000	0.002628	0.000001
557	0.000000	0.002557	0.000002
558	0.000000	0.002757	0.000002
559	0.000000	0.002570	0.000002
560	0.000000	0.002782	0.000003
561	0.000000	0.002602	0.000002
562	0.000000	0.002584	0.000002
563	0.000000	0.002649	0.000002
564	0.000000	0.002570	0.000001
565	0.000000	0.002595	0.000001
566	0.000000	0.002806	0.000002
567	0.000000	0.002585	0.000001
568	0.000000	0.002596	0.000002
569	0.000000	0.002891	0.000002
570	0.000000	0.002602	0.000002
571	0.000000	0.002616	0.000001
572	0.000000	0.002958	0.000002
573	0.000000	0.002627	0.000002
574	0.000000	0.002676	0.000002
575	0.000000	0.002764	0.000002
576	0.000000	0.002810	0.000001
577	0.000000	0.002933	0.000002
578	0.000000	0.002759	0.000002
579	0.000000	0.002769	0.000002
580	0.000000	0.002803	0.000002
581	0.000000	0.002992	0.000002
582	0.000000	0.002758	0.000002
583	0.000000	0.003035	0.000002
584	0.000000	0.002753	0.000002
585	0.000000	0.002845	0.000002
586	0.000000	0.002914	0.000002
587	0.000000	0.002790	0.000002
588	0.000000	0.003093	0.000002
589	0.000000	0.002887	0.000002
590	0.000000	0.002785	0.000002
591	0.000000	0.002870	0.000002
592	0.000000	0.002840	0.000001
593	0.000000	0.003229	0.000002
594	0.000000	0.002766	0.000002
595	0.000000	0.002742	0.000001
596	0.000000	0.002915	0.000002
597	0.000000	0.002910	0.000003
598	0.000000	0.002847	0.000002
599	0.000000	0.002955	0.000002
600	0.000000	0.002762	0.000001
601	0.000000	0.002808	0.000001
602	0.000000	0.003083	0.000002
603	0.000000	0.002910	0.000002
604	0.000000	0.003008	0.000003
605	0.000000	0.003019	0.000002
606	0.000000	0.002926	0.000002
607	0.000000	0.002947	0.000002
608	0.000000	0.002844	0.000002
609	0.000000	0.002978	0.000002
610	0.000000	0.002834	0.000002
611	0.000000	0.002995	0.000002
612	0.000000	0.002880	0.000001
613	0.000000	0.002922	0.000002
614	0.000000	0.002851	0.000002
615	0.000000	0.002951	0.000002
616	0.000000	0.002882	0.000002
617	0.000000	0.002955	0.000002
618	0.000000	0.002875	0.000001
619	0.000000	0.003044	0.000002
620	0.000000	0.002918	0.000002
621	0.000000	0.002966	0.000002
622	0.000000	0.003000	0.000002
623	0.000000	0.003173	0.000002
624	0.000000	0.003135	0.000002
625	0.000000	0.002961	0.000002
626	0.000000	0.002958	0.000002
627	0.000000	0.003079	0.000002
628	0.000000	0.002918	0.000002
629	0.000000	0.002967	0.000002
630	0.000000	0.003215	0.000003
631	0.000000	0.003094	0.000002
632	0.000000	0.003246	0.000002
633	0.000000	0.003037	0.000002
634	0.000000	0.003122	0.000002
635	0.000000	0.003134	0.000002
636	0.000000	0.003626	0.000003
637	0.000000	0.003421	0.000002
638	0.000000	0.003150	0.000002
639	0.000000	0.003163	0.000002
640	0.000000	0.003112	0.000002
641	0.000000	0.002920	0.000002
642	0.000000	0.003266	0.000002
643	0.000000	0.003247	0.000002
644	0.000000	0.003161	0.000001
645	0.000000	0.003276	0.000002
646	0.000000	0.003158	0.000002
647	0.000000	0.003180	0.000002
648	0.000000	0.003336	0.000003
649	0.000000	0.003125	0.000002
650	0.000000	0.003100	0.000002
651	0.000000	0.003287	0.000002
652	0.000000	0.003201	0.000002
653	0.000000	0.003253	0.000002
654	0.000000	0.003416	0.000002
655	0.000000	0.003070	0.000001
656	0.000000	0.003295	0.000002
657	0.000000	0.003139	0.000001
658	0.000000	0.003341	0.000002
659	0.000000	0.003139	0.000002
660	0.000000	0.003122	0.000001
661	0.000000	0.003329	0.000002
662	0.000000	0.003247	0.000002
663	0.000000	0.003088	0.000002
664	0.000000	0.003117	0.000002
665	0.000000	0.003462	0.000002
666	0.000000	0.003434	0.000002
667	0.000000	0.003185	0.000002
668	0.000000	0.003268	0.000002
669	0.000000	0.003293	0.000002
670	0.000000	0.003179	0.000002
671	0.000000	0.003212	0.000003
672	0.000000	0.003446	0.000002
673	0.000000	0.003259	0.000002
674	0.000000	0.003181	0.000002
675	0.000000	0.003444	0.000001
676	0.000000	0.003262	0.000001
677	0.000000	0.003139	0.000001
678	0.000000	0.003278	0.000002
679	0.000000	0.003343	0.000001
680	0.000000	0.003124	0.000001
681	0.000000	0.003436	0.000002
682	0.000000	0.003325	0.000001
683	0.000000	0.003351	0.000002
684	0.000000	0.003268	0.000002
685	0.000000	0.003212	0.000002
686	0.000000	0.003460	0.000003
687	0.000000	0.003379	0.000002
688	0.000000	0.003277	0.000002
689	0.000000	0.003646	0.000002
690	0.000000	0.003376	0.000002
691	0.000000	0.003472	0.000002
692	0.000000	0.003321	0.000002
693	0.000000	0.003201	0.000002
694	0.000000	0.003545	0.000003
695	0.000000	0.003268	0.000002
696	0.000000	0.003257	0.000002
697	0.000000	0.003524	0.000002
698	0.000000	0.003389	0.000002
699	0.000000	0.003359	0.000002
700	0.000000	0.003524	0.000002
701	0.000000	0.003572	0.000002
702	0.000000	0.003306	0.000002
703	0.000000	0.003220	0.000002
704	0.000000	0.003650	0.000002
705	0.000000	0.003219	0.000001
706	0.000000	0.003230	0.000001
707	0.000000	0.003766	0.000003
708	0.000000	0.003584	0.000003
709	0.000000	0.003298	0.000002
710	0.000000	0.003639	0.000002
711	0.000000	0.003379	0.000002
712	0.000000	0.003353	0.000003
713	0.000000	0.003535	0.000002
714	0.000000	0.003417	0.000003
715	0.000000	0.003648	0.000002
716	0.000000	0.003597	0.000002
717	0.000000	0.003416	0.000002
718	0.000000	0.003618	0.000002
719	0.000000	0.003320	0.000002
720	0.000000	0.003731	0.000002
721	0.000000	0.003302	0.000002
722	0.000000	0.003732	0.000002
723	0.000000	0.003378	0.000002
724	0.000000	0.003593	0.000002
725	0.000000	0.003574	0.000002
726	0.000000	0.003512	0.000002
727	0.000000	0.003554	0.000002
728	0.000000	0.003722	0.000002
729	0.000000	0.003532	0.000002
730	0.000000	0.003522	0.000002
731	0.000000	0.003423	0.000002
732	0.000000	0.003715	0.000002
733	0.000000	0.003364	0.000002
734	0.000000	0.003599	0.000002
735	0.000000	0.003592	0.000002
736	0.000000	0.005355	0.000004
737	0.000000	0.004309	0.000003
738	0.000000	0.003714	0.000002
739	0.000000	0.003448	0.000002
740	0.000000	0.003682	0.000002
741	0.000000	0.003405	0.000002
742	0.000000	0.003830	0.000002
743	0.000000	0.003408	0.000002
744	0.000000	0.003632	0.000002
745	0.000000	0.003668	0.000002
746	0.000000	0.003597	0.000002
747	0.000000	0.003659	0.000002
748	0.000000	0.003580	0.000002
749	0.000000	0.003948	0.000002
750	0.000000	0.003691	0.000004
751	0.000000	0.003584	0.000002
752	0.000000	0.003557	0.000001
753	0.000000	0.003459	0.000001
754	0.000000	0.003945	0.000002
755	0.000000	0.003487	0.000002
756	0.000000	0.003616	0.000003
757	0.000000	0.003525	0.000002
758	0.000000	0.003627	0.000002
759	0.000000	0.003506	0.000002
760	0.000000	0.003618	0.000002
761	0.000000	0.003527	0.000002
762	0.000000	0.003650	0.000002
763	0.000000	0.003563	0.000002
764	0.000000	0.003627	0.000002
765	0.000000	0.003517	0.000001
766	0.000000	0.003644	0.000002
767	0.000000	0.003826	0.000002
768	0.000000	0.003679	0.000002
769	0.000000	0.003792	0.000002
770	0.000000	0.003683	0.000002
771	0.000000	0.003822	0.000002
772	0.000000	0.003811	0.000002
773	0.000000	0.003710	0.000002
774	0.000000	0.003684	0.000002
775	0.000000	0.003576	0.000001
776	0.000000	0.003969	0.000002
777	0.000000	0.003730	0.000002
778	0.000000	0.003831	0.000002
779	0.000000	0.003602	0.000002
780	0.000000	0.003936	0.000002
781	0.000000	0.003622	0.000002
782	0.000000	0.004044	0.000002
783	0.000000	0.003590	0.000002
784	0.000000	0.003987	0.000002
785	0.000000	0.003598	0.000001
786	0.000000	0.003711	0.000002
787	0.000000	0.003610	0.000002
788	0.000000	0.003752	0.000002
789	0.000000	0.003631	0.000002
790	0.000000	0.003711	0.000002
791	0.000000	0.003649	0.000002
792	0.000000	0.003773	0.000002
793	0.000000	0.003890	0.000002
794	0.000000	0.003755	0.000002
795	0.000000	0.003658	0.000002
796	0.000000	0.004012	0.000002
797	0.000000	0.003681	0.000002
798	0.000000	0.003886	0.000002
799	0.000000	0.003795	0.000002
800	0.000000	0.003834	0.000003
801	0.000000	0.003926	0.000002
802	0.000000	0.003906	0.000002
803	0.000000	0.003803	0.000002
804	0.000000	0.004480	0.000002
805	0.000000	0.003823	0.000002
806	0.000000	0.004025	0.000002
807	0.000000	0.003843	0.000002
808	0.000000	0.003974	0.000002
809	0.000000	0.003729	0.000002
810	0.000000	0.004435	0.000003
811	0.000000	0.003911	0.000002
812	0.000000	0.005450	0.000004
813	0.000000	0.006694	0.000004
814	0.000000	0.007572	0.000004
815	0.000000	0.005292	0.000003
816	0.000000	0.004844	0.000002
817	0.000000	0.004223	0.000002
818	0.000000	0.003887	0.000002
819	0.000000	0.004082	0.000002
820	0.000000	0.003757	0.000002
821	0.000000	0.004093	0.000002
822	0.000000	0.003776	0.000002
823	0.000000	0.003830	0.000002
824	0.000000	0.003790	0.000002
825	0.000000	0.004250	0.000003
826	0.000000	0.003791	0.000002
827	0.000000	0.004142	0.000002
828	0.000000	0.003838	0.000002
829	0.000000	0.004229	0.000002
830	0.000000	0.004018	0.000002
831	0.000000	0.004148	0.000002
832	0.000000	0.003850	0.000002
833	0.000000	0.004273	0.000002
834	0.000000	0.003949	0.000002
835	0.000000	0.004253	0.000002
836	0.000000	0.003877	0.000002
837	0.000000	0.004235	0.000002
838	0.000000	0.003968	0.000002
839	0.000000	0.004333	0.000002
840	0.000000	0.003863	0.000002
841	0.000000	0.004195	0.000002
842	0.000000	0.003995	0.000002
843	0.000000	0.004325	0.000002
844	0.000000	0.003915	0.000002
845	0.000000	0.004344	0.000002
846	0.000000	0.004067	0.000002
847	0.000000	0.004235	0.000002
848	0.000000	0.003944	0.000002
849	0.000000	0.004353	0.000002
850	0.000000	0.003977	0.000002
851	0.000000	0.006643	0.000004
852	0.000000	0.004135	0.000002
853	0.000000	0.004260	0.000002
854	0.000000	0.004257	0.000002
855	0.000000	0.004159	0.000002
856	0.000000	0.003963	0.000002
857	0.000000	0.004165	0.000002
858	0.000000	0.004121	0.000002
859	0.000000	0.004314	0.000003
860	0.000000	0.003985	0.000002
861	0.000000	0.004069	0.000002
862	0.000000	0.003958	0.000002
863	0.000000	0.004072	0.000002
864	0.000000	0.003956	0.000002
865	0.000000	0.004209	0.000002
866	0.000000	0.004088	0.000002
867	0.000000	0.004182	0.000004
868	0.000000	0.004136	0.000002
869	0.000000	0.004155	0.000002
870	0.000000	0.004023	0.000002
871	0.000000	0.004132	0.000002
872	0.000000	0.004035	0.000001
873	0.000000	0.004622	0.000004
874	0.000000	0.004307	0.000002
875	0.000000	0.004243	0.000004
876	0.000000	0.004281	0.000002
877	0.000000	0.004367	0.000002
878	0.000000	0.004201	0.000002
879	0.000000	0.004127	0.000002
880	0.000000	0.004079	0.000002
881	0.000000	0.004389	0.000003
882	0.000000	0.004196	0.000002
883	0.000000	0.004139	0.000002
884	0.000000	0.004078	0.000002
885	0.000000	0.004440	0.000002
886	0.000000	0.004297	0.000002
887	0.000000	0.004288	0.000002
888	0.000000	0.004222	0.000002
889	0.000000	0.004208	0.000002
890	0.000000	0.004282	0.000002
891	0.000000	0.004140	0.000002
892	0.000000	0.004075	0.000002
893	0.000000	0.004493	0.000002
894	0.000000	0.004135	0.000002
895	0.000000	0.004489	0.000002
896	0.000000	0.004511	0.000002
897	0.000000	0.004243	0.000002
898	0.000000	0.004116	0.000002
899	0.000000	0.004503	0.000002
900	0.000000	0.004126	0.000002
901	0.000000	0.006130	0.000004
902	0.000000	0.007769	0.000002
903	0.000000	0.004134	0.000002
904	0.000000	0.004251	0.000002
905	0.000000	0.004159	0.000002
906	0.000000	0.004296	0.000002
907	0.000000	0.004168	0.000002
908	0.000000	0.004348	0.000002
909	0.000000	0.004173	0.000002
910	0.000000	0.004294	0.000002
911	0.000000	0.004176	0.000002
912	0.000000	0.004493	0.000002
913	0.000000	0.004181	0.000002
914	0.000000	0.004599	0.000002
915	0.000000	0.004428	0.000002
916	0.000000	0.004331	0.000002
917	0.000000	0.004391	0.000002
918	0.000000	0.004281	0.000002
919	0.000000	0.004421	0.000002
920	0.000000	0.004347	0.000002
921	0.000000	0.004207	0.000002
922	0.000000	0.004619	0.000002
923	0.000000	0.004492	0.000002
924	0.000000	0.004380	0.000002
925	0.000000	0.004400	0.000002
926	0.000000	0.004492	0.000002
927	0.000000	0.004563	0.000002
928	0.000000	0.004413	0.000002
929	0.000000	0.004581	0.000002
930	0.000000	0.004407	0.000002
931	0.000000	0.004486	0.000002
932	0.000000	0.004351	0.000002
933	0.000000	0.004533	0.000002
934	0.000000	0.004424	0.000002
935	0.000000	0.004554	0.000002
936	0.000000	0.004373	0.000002
937	0.000000	0.004480	0.000004
938	0.000000	0.004592	0.000002
939	0.000000	0.004689	0.000003
940	0.000000	0.004405	0.000002
941	0.000000	0.004735	0.000003
942	0.000000	0.004442	0.000002
943	0.000000	0.004823	0.000003
944	0.000000	0.004580	0.000003
945	0.000000	0.004627	0.000002
946	0.000000	0.004342	0.000002
947	0.000000	0.004902	0.000002
948	0.000000	0.004368	0.000002
949	0.000000	0.004536	0.000002
950	0.000000	0.004642	0.000002
951	0.000000	0.004589	0.000002
952	0.000000	0.004635	0.000002
953	0.000000	0.004585	0.000002
954	0.000000	0.004418	0.000002
955	0.000000	0.004863	0.000002
956	0.000000	0.004416	0.000002
957	0.000000	0.004709	0.000002
958	0.000000	0.004441	0.000002
959	0.000000	0.004873	0.000003
960	0.000000	0.004659	0.000002
961	0.000000	0.004672	0.000002
962	0.000000	0.004626	0.000002
963	0.000000	0.004579	0.000002
964	0.000000	0.004656	0.000002
965	0.000000	0.004629	0.000003
966	0.000000	0.004627	0.000002
967	0.000000	0.004661	0.000002
968	0.000000	0.004710	0.000002
969	0.000000	0.004808	0.000002
970	0.000000	0.004604	0.000002
971	0.000000	0.004627	0.000002
972	0.000000	0.004733	0.000002
973	0.000000	0.004690	0.000002
974	0.000000	0.004458	0.000002
975	0.000000	0.004875	0.000002
976	0.000000	0.004495	0.000002
977	0.000000	0.004614	0.000002
978	0.000000	0.004750	0.000002
979	0.000000	0.004643	0.000002
980	0.000000	0.004759	0.000002
981	0.000000	0.004588	0.000002
982	0.000000	0.004812	0.000002
983	0.000000	0.004577	0.000002
984	0.000000	0.004773	0.000002
985	0.000000	0.004799	0.000002
986	0.000000	0.004702	0.000002
987	0.000000	0.004831	0.000002
988	0.000000	0.004931	0.000003
989	0.000000	0.008163	0.000004
990	0.000000	0.008251	0.000003
991	0.000000	0.005107	0.000003
992	0.000000	0.005660	0.000004
993	0.000000	0.008948	0.000003
994	0.000000	0.008668	0.000004
995	0.000000	0.008230	0.000004
996	0.000000	0.005527	0.000002
997	0.000000	0.004640	0.000002
998	0.000000	0.005023	0.000002
999	0.000000	0.004621	0.000002
