s	algo1_time	algo2_time	algo3_time
1	0.000018	0.000068	0.000003
2	0.000020	0.000063	0.000002
3	0.000020	0.000071	0.000002
4	0.000021	0.000077	0.000002
5	0.000033	0.000091	0.000002
6	0.000037	0.000105	0.000002
7	0.000056	0.000115	0.000002
8	0.000066	0.000122	0.000002
9	0.000118	0.000137	0.000002
10	0.000114	0.000147	0.000002
11	0.000161	0.000148	0.000001
12	0.000187	0.000158	0.000002
13	0.000260	0.000170	0.000002
14	0.000301	0.000186	0.000001
15	0.000394	0.000210	0.000002
16	0.000478	0.000206	0.000002
17	0.000601	0.000223	0.000002
18	0.000685	0.000230	0.000001
19	0.000873	0.000245	0.000002
20	0.001014	0.000258	0.000001
21	0.001256	0.000267	0.000002
22	0.001503	0.000282	0.000002
23	0.001750	0.000300	0.000002
24	0.001986	0.000305	0.000001
25	0.002486	0.000319	0.000002
26	0.002727	0.000384	0.000002
27	0.003219	0.000344	0.000002
28	0.003753	0.000371	0.000002
29	0.004369	0.000368	0.000001
30	0.004139	0.000313	0.000002
31	0.003779	0.000262	0.000001
32	0.004248	0.000267	0.000001
33	0.005317	0.000478	0.000001
34	0.005507	0.000325	0.000001
35	0.006151	0.000291	0.000001
36	0.006823	0.000300	0.000001
37	0.007759	0.000309	0.000001
38	0.008801	0.000450	0.000001
39	0.009756	0.000363	0.000001
40	0.011209	0.000367	0.000002
41	0.012288	0.000377	0.000001
42	0.013277	0.000382	0.000001
43	0.014967	0.000393	0.000001
44	0.016619	0.000404	0.000001
45	0.018554	0.000419	0.000002
46	0.019964	0.000427	0.000002
47	0.022165	0.000429	0.000002
48	0.024446	0.000435	0.000002
49	0.027191	0.000460	0.000002
50	0.029392	0.000448	0.000001
51	0.032646	0.000461	0.000001
52	0.036002	0.000470	0.000002
53	0.039752	0.000647	0.000002
54	0.051692	0.000467	0.000002
55	0.046863	0.000463	0.000002
56	0.060073	0.000490	0.000002
57	0.056245	0.000486	0.000002
58	0.059674	0.000505	0.000002
59	0.065321	0.000500	0.000002
60	0.070879	0.000519	0.000002
61	0.092444	0.000568	0.000003
62	0.081592	0.000553	0.000002
63	0.089792	0.000582	0.000001
64	0.096788	0.000591	0.000001
65	0.105585	0.000598	0.000001
66	0.111517	0.000636	0.000002
67	0.121995	0.000643	0.000002
68	0.133671	0.000656	0.000002
69	0.157863	0.000685	0.000003
70	0.171289	0.000672	0.000003
71	0.177394	0.000680	0.000002
72	0.174754	0.000661	0.000002
73	0.186414	0.000636	0.000002
74	0.210223	0.000650	0.000002
75	0.213621	0.000659	0.000003
76	0.226973	0.000680	0.000002
77	0.247260	0.000675	0.000003
78	0.266592	0.000684	0.000002
79	0.279356	0.000691	0.000002
80	0.299225	0.000697	0.000002
81	0.331040	0.001500	0.000004
82	0.333874	0.000729	0.000003
83	0.359901	0.000725	0.000002
84	0.397979	0.000735	0.000002
85	0.433467	0.000743	0.000003
86	0.433929	0.000749	0.000002
87	0.472223	0.000766	0.000003
88	0.514731	0.000773	0.000003
89	0.532130	0.000777	0.000003
90	0.559710	0.000833	0.000003
91	0.589732	0.000841	0.000003
92	0.644596	0.000849	0.000002
93	0.678045	0.000815	0.000003
94	0.721087	0.000896	0.000003
95	0.740703	0.000888	0.000003
96	0.808627	0.000888	0.000003
97	0.856333	0.000938	0.000003
98	0.877663	0.000910	0.000002
99	0.945253	0.000866	0.000003
100	1.006777	0.000865	0.000002
101	1.063238	0.000883	0.000003
102	1.124983	0.000891	0.000003
103	1.191463	0.000942	0.000003
104	1.250193	0.000943	0.000003
105	1.317802	0.000963	0.000003
106	1.375857	0.000987	0.000002
107	1.451972	0.000936	0.000003
108	1.542157	0.000940	0.000002
109	1.623116	0.000951	0.000003
110	1.736813	0.000974	0.000003
111	1.820278	0.000971	0.000002
112	1.868719	0.001018	0.000002
113	2.040252	0.000978	0.000003
114	2.083411	0.000987	0.000002
115	2.243003	0.000994	0.000003
116	2.336224	0.001002	0.000003
117	2.453522	0.001037	0.000003
118	2.577734	0.001053	0.000003
119	2.698494	0.001062	0.000003
120	2.848829	0.001040	0.000003
121	3.030027	0.001100	0.000003
122	3.118663	0.001058	0.000002
123	3.347715	0.001067	0.000003
124	3.457911	0.001162	0.000003
125	3.723394	0.001140	0.000003
126	3.850791	0.001138	0.000003
127	4.016611	0.001140	0.000003
128	4.227265	0.001097	0.000003
129	4.465322	0.001114	0.000003
130	4.638608	0.001119	0.000003
131	4.872783	0.001211	0.000002
132	5.110245	0.001307	0.000003
133	5.408949	0.001151	0.000002
134	5.647341	0.001159	0.000003
135	5.870671	0.001175	0.000003
136	6.168454	0.001201	0.000002
137	6.534265	0.001235	0.000003
138	6.784033	0.001207	0.000002
139	7.036698	0.001199	0.000003
140	7.398810	0.001337	0.000003
141	7.814644	0.001218	0.000003
142	8.068136	0.001245	0.000003
143	8.531301	0.001242	0.000003
144	8.866463	0.001281	0.000003
145	9.375449	0.001254	0.000002
146	9.643179	0.001262	0.000002
147	10.162186	0.001273	0.000002
148	10.644050	0.001278	0.000003
149	11.201413	0.001328	0.000003
150	0.000000	0.001284	0.000002
151	0.000000	0.001310	0.000002
152	0.000000	0.001474	0.000001
153	0.000000	0.001455	0.000001
154	0.000000	0.001319	0.000001
155	0.000000	0.001301	0.000001
156	0.000000	0.001302	0.000001
157	0.000000	0.001433	0.000002
158	0.000000	0.001353	0.000001
159	0.000000	0.001340	0.000001
160	0.000000	0.001482	0.000002
161	0.000000	0.001355	0.000001
162	0.000000	0.001390	0.000001
163	0.000000	0.001367	0.000001
164	0.000000	0.001369	0.000001
165	0.000000	0.001604	0.000001
166	0.000000	0.001391	0.000001
167	0.000000	0.001430	0.000001
168	0.000000	0.001430	0.000001
169	0.000000	0.001572	0.000001
170	0.000000	0.001428	0.000001
171	0.000000	0.001436	0.000001
172	0.000000	0.001451	0.000001
173	0.000000	0.001622	0.000001
174	0.000000	0.001462	0.000001
175	0.000000	0.001474	0.000001
176	0.000000	0.001642	0.000001
177	0.000000	0.001487	0.000001
178	0.000000	0.001522	0.000001
179	0.000000	0.001655	0.000001
180	0.000000	0.001511	0.000001
181	0.000000	0.001546	0.000001
182	0.000000	0.001534	0.000001
183	0.000000	0.001568	0.000001
184	0.000000	0.001693	0.000001
185	0.000000	0.001564	0.000001
186	0.000000	0.001585	0.000001
187	0.000000	0.001720	0.000001
188	0.000000	0.001675	0.000001
189	0.000000	0.001593	0.000001
190	0.000000	0.001600	0.000001
191	0.000000	0.001759	0.000001
192	0.000000	0.001618	0.000001
193	0.000000	0.001638	0.000001
194	0.000000	0.001721	0.000001
195	0.000000	0.001655	0.000001
196	0.000000	0.001654	0.000001
197	0.000000	0.001745	0.000001
198	0.000000	0.001684	0.000001
199	0.000000	0.001687	0.000001
200	0.000000	0.001781	0.000001
201	0.000000	0.001694	0.000001
202	0.000000	0.001709	0.000001
203	0.000000	0.001882	0.000001
204	0.000000	0.001720	0.000001
205	0.000000	0.001742	0.000001
206	0.000000	0.001738	0.000001
207	0.000000	0.001827	0.000001
208	0.000000	0.001756	0.000001
209	0.000000	0.001783	0.000001
210	0.000000	0.001769	0.000001
211	0.000000	0.002299	0.000001
212	0.000000	0.002790	0.000002
213	0.000000	0.002117	0.000001
214	0.000000	0.001968	0.000001
215	0.000000	0.001853	0.000001
216	0.000000	0.001839	0.000001
217	0.000000	0.001950	0.000001
218	0.000000	0.002088	0.000001
219	0.000000	0.001894	0.000001
220	0.000000	0.003183	0.000003
221	0.000000	0.003088	0.000002
222	0.000000	0.001899	0.000001
223	0.000000	0.001891	0.000001
224	0.000000	0.001920	0.000001
225	0.000000	0.002242	0.000001
226	0.000000	0.001956	0.000001
227	0.000000	0.002072	0.000002
228	0.000000	0.002133	0.000002
229	0.000000	0.002073	0.000002
230	0.000000	0.001943	0.000001
231	0.000000	0.002027	0.000001
232	0.000000	0.002151	0.000001
233	0.000000	0.002101	0.000001
234	0.000000	0.002036	0.000001
235	0.000000	0.002198	0.000001
236	0.000000	0.002166	0.000002
237	0.000000	0.002105	0.000001
238	0.000000	0.002016	0.000001
239	0.000000	0.002187	0.000001
240	0.000000	0.002223	0.000001
241	0.000000	0.002051	0.000001
242	0.000000	0.002051	0.000001
243	0.000000	0.002481	0.000002
244	0.000000	0.002092	0.000001
245	0.000000	0.002077	0.000001
246	0.000000	0.002214	0.000002
247	0.000000	0.002105	0.000001
248	0.000000	0.002229	0.000002
249	0.000000	0.002110	0.000001
250	0.000000	0.002246	0.000001
251	0.000000	0.002470	0.000003
252	0.000000	0.002374	0.000001
253	0.000000	0.002205	0.000001
254	0.000000	0.002259	0.000001
255	0.000000	0.002333	0.000001
256	0.000000	0.002215	0.000001
257	0.000000	0.002305	0.000001
258	0.000000	0.002343	0.000001
259	0.000000	0.002207	0.000001
260	0.000000	0.002226	0.000001
261	0.000000	0.002364	0.000001
262	0.000000	0.002244	0.000001
263	0.000000	0.002303	0.000002
264	0.000000	0.002262	0.000001
265	0.000000	0.002351	0.000001
266	0.000000	0.002259	0.000001
267	0.000000	0.002284	0.000001
268	0.000000	0.002334	0.000001
269	0.000000	0.002311	0.000001
270	0.000000	0.002328	0.000001
271	0.000000	0.002538	0.000002
272	0.000000	0.002462	0.000002
273	0.000000	0.002324	0.000001
274	0.000000	0.002582	0.000001
275	0.000000	0.002429	0.000001
276	0.000000	0.002469	0.000001
277	0.000000	0.002396	0.000001
278	0.000000	0.002789	0.000002
279	0.000000	0.002425	0.000001
280	0.000000	0.002573	0.000002
281	0.000000	0.002442	0.000002
282	0.000000	0.002701	0.000001
283	0.000000	0.002520	0.000001
284	0.000000	0.002589	0.000001
285	0.000000	0.002453	0.000001
286	0.000000	0.002911	0.000002
287	0.000000	0.002444	0.000001
288	0.000000	0.002467	0.000001
289	0.000000	0.002640	0.000001
290	0.000000	0.002697	0.000001
291	0.000000	0.002545	0.000001
292	0.000000	0.002618	0.000001
293	0.000000	0.002497	0.000001
294	0.000000	0.002869	0.000001
295	0.000000	0.002595	0.000001
296	0.000000	0.002516	0.000001
297	0.000000	0.002776	0.000002
298	0.000000	0.002721	0.000001
299	0.000000	0.002589	0.000001
300	0.000000	0.002755	0.000001
301	0.000000	0.002785	0.000001
302	0.000000	0.002698	0.000001
303	0.000000	0.002780	0.000002
304	0.000000	0.002895	0.000002
305	0.000000	0.002677	0.000002
306	0.000000	0.002744	0.000002
307	0.000000	0.002645	0.000001
308	0.000000	0.002819	0.000002
309	0.000000	0.002754	0.000002
310	0.000000	0.002833	0.000001
311	0.000000	0.002794	0.000001
312	0.000000	0.002666	0.000001
313	0.000000	0.002918	0.000001
314	0.000000	0.002700	0.000001
315	0.000000	0.002872	0.000002
316	0.000000	0.002955	0.000002
317	0.000000	0.002813	0.000002
318	0.000000	0.002846	0.000001
319	0.000000	0.002815	0.000002
320	0.000000	0.002903	0.000001
321	0.000000	0.002843	0.000001
322	0.000000	0.003100	0.000001
323	0.000000	0.002837	0.000001
324	0.000000	0.002905	0.000001
325	0.000000	0.003015	0.000001
326	0.000000	0.002964	0.000001
327	0.000000	0.003382	0.000003
328	0.000000	0.003279	0.000002
329	0.000000	0.002897	0.000002
330	0.000000	0.003020	0.000001
331	0.000000	0.003014	0.000002
332	0.000000	0.003016	0.000001
333	0.000000	0.002924	0.000002
334	0.000000	0.003045	0.000002
335	0.000000	0.003048	0.000001
336	0.000000	0.003370	0.000002
337	0.000000	0.002957	0.000001
338	0.000000	0.003309	0.000001
339	0.000000	0.003093	0.000002
340	0.000000	0.002918	0.000001
341	0.000000	0.002971	0.000001
342	0.000000	0.003062	0.000001
343	0.000000	0.002992	0.000001
344	0.000000	0.003073	0.000001
345	0.000000	0.003011	0.000001
346	0.000000	0.003094	0.000001
347	0.000000	0.003082	0.000001
348	0.000000	0.003179	0.000001
349	0.000000	0.003055	0.000001
350	0.000000	0.003129	0.000001
351	0.000000	0.003097	0.000001
352	0.000000	0.003293	0.000002
353	0.000000	0.003211	0.000001
354	0.000000	0.003321	0.000002
355	0.000000	0.003255	0.000001
356	0.000000	0.003077	0.000001
357	0.000000	0.003546	0.000002
358	0.000000	0.003103	0.000001
359	0.000000	0.003473	0.000002
360	0.000000	0.003092	0.000001
361	0.000000	0.003863	0.000002
362	0.000000	0.005808	0.000003
363	0.000000	0.004571	0.000002
364	0.000000	0.004076	0.000003
365	0.000000	0.004515	0.000002
366	0.000000	0.004684	0.000002
367	0.000000	0.004040	0.000002
368	0.000000	0.003212	0.000001
369	0.000000	0.003614	0.000002
370	0.000000	0.003225	0.000001
371	0.000000	0.003457	0.000002
372	0.000000	0.003344	0.000001
373	0.000000	0.003477	0.000002
374	0.000000	0.003340	0.000001
375	0.000000	0.003356	0.000001
376	0.000000	0.003570	0.000001
377	0.000000	0.003415	0.000002
378	0.000000	0.003370	0.000002
379	0.000000	0.003629	0.000002
380	0.000000	0.003321	0.000001
381	0.000000	0.003632	0.000002
382	0.000000	0.003340	0.000001
383	0.000000	0.003466	0.000001
384	0.000000	0.003513	0.000001
385	0.000000	0.003664	0.000001
386	0.000000	0.003366	0.000001
387	0.000000	0.003504	0.000002
388	0.000000	0.003588	0.000001
389	0.000000	0.003558	0.000002
390	0.000000	0.003518	0.000001
391	0.000000	0.003546	0.000002
392	0.000000	0.003666	0.000002
393	0.000000	0.003551	0.000002
394	0.000000	0.003677	0.000002
395	0.000000	0.003576	0.000002
396	0.000000	0.003410	0.000001
397	0.000000	0.003655	0.000001
398	0.000000	0.003560	0.000002
399	0.000000	0.003794	0.000001
400	0.000000	0.003426	0.000001
401	0.000000	0.003673	0.000002
402	0.000000	0.003631	0.000001
403	0.000000	0.003830	0.000002
404	0.000000	0.003633	0.000002
405	0.000000	0.003735	0.000001
406	0.000000	0.003777	0.000001
407	0.000000	0.003879	0.000001
408	0.000000	0.003790	0.000001
409	0.000000	0.003789	0.000002
410	0.000000	0.003542	0.000001
411	0.000000	0.003784	0.000002
412	0.000000	0.003838	0.000002
413	0.000000	0.003809	0.000001
414	0.000000	0.003574	0.000001
415	0.000000	0.003807	0.000002
416	0.000000	0.003779	0.000001
417	0.000000	0.003966	0.000002
418	0.000000	0.003606	0.000001
419	0.000000	0.003855	0.000002
420	0.000000	0.003880	0.000001
421	0.000000	0.003930	0.000001
422	0.000000	0.003791	0.000001
423	0.000000	0.004044	0.000001
424	0.000000	0.004131	0.000002
425	0.000000	0.004128	0.000002
426	0.000000	0.003719	0.000001
427	0.000000	0.004080	0.000001
428	0.000000	0.003723	0.000001
429	0.000000	0.003909	0.000001
430	0.000000	0.003755	0.000002
431	0.000000	0.003947	0.000002
432	0.000000	0.003760	0.000001
433	0.000000	0.003971	0.000002
434	0.000000	0.003798	0.000001
435	0.000000	0.003999	0.000001
436	0.000000	0.003800	0.000001
437	0.000000	0.003993	0.000002
438	0.000000	0.004027	0.000001
439	0.000000	0.004249	0.000002
440	0.000000	0.003852	0.000001
441	0.000000	0.004254	0.000002
442	0.000000	0.004050	0.000002
443	0.000000	0.004241	0.000001
444	0.000000	0.003886	0.000001
445	0.000000	0.004189	0.000002
446	0.000000	0.004001	0.000002
447	0.000000	0.004004	0.000001
448	0.000000	0.003876	0.000002
449	0.000000	0.004212	0.000001
450	0.000000	0.004024	0.000001
451	0.000000	0.004137	0.000001
452	0.000000	0.003918	0.000001
453	0.000000	0.004302	0.000001
454	0.000000	0.003971	0.000001
455	0.000000	0.004348	0.000002
456	0.000000	0.003994	0.000002
457	0.000000	0.004408	0.000002
458	0.000000	0.004043	0.000003
459	0.000000	0.004378	0.000001
460	0.000000	0.004028	0.000001
461	0.000000	0.004364	0.000002
462	0.000000	0.004032	0.000001
463	0.000000	0.004482	0.000001
464	0.000000	0.004060	0.000001
465	0.000000	0.004513	0.000002
466	0.000000	0.004088	0.000001
467	0.000000	0.004316	0.000002
468	0.000000	0.004101	0.000002
469	0.000000	0.004406	0.000002
470	0.000000	0.004178	0.000001
471	0.000000	0.004580	0.000002
472	0.000000	0.004142	0.000001
473	0.000000	0.004268	0.000002
474	0.000000	0.004386	0.000002
475	0.000000	0.004349	0.000001
476	0.000000	0.004347	0.000001
477	0.000000	0.004386	0.000001
478	0.000000	0.004384	0.000001
479	0.000000	0.004426	0.000001
480	0.000000	0.004153	0.000001
481	0.000000	0.004326	0.000001
482	0.000000	0.004470	0.000002
483	0.000000	0.004319	0.000001
484	0.000000	0.004197	0.000001
485	0.000000	0.004613	0.000002
486	0.000000	0.004347	0.000001
487	0.000000	0.004651	0.000002
488	0.000000	0.004234	0.000001
489	0.000000	0.004752	0.000002
490	0.000000	0.004539	0.000002
491	0.000000	0.004543	0.000002
492	0.000000	0.004402	0.000002
493	0.000000	0.004627	0.000002
494	0.000000	0.004490	0.000002
495	0.000000	0.004584	0.000001
496	0.000000	0.004633	0.000002
497	0.000000	0.004506	0.000002
498	0.000000	0.004525	0.000002
499	0.000000	0.004353	0.000001
500	0.000000	0.004762	0.000002
501	0.000000	0.004374	0.000001
502	0.000000	0.004413	0.000001
503	0.000000	0.004370	0.000002
504	0.000000	0.004485	0.000001
505	0.000000	0.004411	0.000001
506	0.000000	0.004454	0.000001
507	0.000000	0.004404	0.000001
508	0.000000	0.004504	0.000001
509	0.000000	0.004436	0.000001
510	0.000000	0.004477	0.000001
511	0.000000	0.004980	0.000001
512	0.000000	0.004614	0.000001
513	0.000000	0.004461	0.000001
514	0.000000	0.004564	0.000001
515	0.000000	0.004503	0.000001
516	0.000000	0.004925	0.000002
517	0.000000	0.004523	0.000002
518	0.000000	0.004759	0.000002
519	0.000000	0.004559	0.000001
520	0.000000	0.004771	0.000001
521	0.000000	0.004563	0.000001
522	0.000000	0.004782	0.000002
523	0.000000	0.004561	0.000002
524	0.000000	0.004841	0.000001
525	0.000000	0.004588	0.000001
526	0.000000	0.004836	0.000001
527	0.000000	0.004601	0.000001
528	0.000000	0.004862	0.000001
529	0.000000	0.004616	0.000001
530	0.000000	0.004882	0.000002
531	0.000000	0.004633	0.000002
532	0.000000	0.004882	0.000002
533	0.000000	0.004666	0.000001
534	0.000000	0.004904	0.000002
535	0.000000	0.004759	0.000002
536	0.000000	0.004942	0.000001
537	0.000000	0.004918	0.000002
538	0.000000	0.004702	0.000002
539	0.000000	0.004958	0.000002
540	0.000000	0.004713	0.000001
541	0.000000	0.004948	0.000001
542	0.000000	0.004975	0.000002
543	0.000000	0.005150	0.000002
544	0.000000	0.004831	0.000002
545	0.000000	0.005004	0.000001
546	0.000000	0.004750	0.000001
547	0.000000	0.005009	0.000002
548	0.000000	0.004856	0.000002
549	0.000000	0.004969	0.000001
550	0.000000	0.005046	0.000002
551	0.000000	0.004802	0.000001
552	0.000000	0.005064	0.000002
553	0.000000	0.004813	0.000001
554	0.000000	0.005077	0.000002
555	0.000000	0.004851	0.000001
556	0.000000	0.005141	0.000002
557	0.000000	0.004869	0.000001
558	0.000000	0.005099	0.000002
559	0.000000	0.004872	0.000002
560	0.000000	0.005137	0.000001
561	0.000000	0.004914	0.000001
562	0.000000	0.005121	0.000001
563	0.000000	0.004933	0.000001
564	0.000000	0.005174	0.000002
565	0.000000	0.004932	0.000001
566	0.000000	0.005180	0.000002
567	0.000000	0.004965	0.000001
568	0.000000	0.005255	0.000002
569	0.000000	0.004978	0.000002
570	0.000000	0.005200	0.000001
571	0.000000	0.008471	0.000003
572	0.000000	0.007294	0.000002
573	0.000000	0.005071	0.000002
574	0.000000	0.005198	0.000002
575	0.000000	0.005055	0.000002
576	0.000000	0.005292	0.000002
577	0.000000	0.005081	0.000001
578	0.000000	0.005228	0.000001
579	0.000000	0.005103	0.000001
580	0.000000	0.005258	0.000002
581	0.000000	0.005292	0.000002
582	0.000000	0.005430	0.000002
583	0.000000	0.005322	0.000002
584	0.000000	0.005272	0.000002
585	0.000000	0.005315	0.000001
586	0.000000	0.005335	0.000002
587	0.000000	0.005350	0.000002
588	0.000000	0.005257	0.000002
589	0.000000	0.005380	0.000002
590	0.000000	0.005338	0.000001
591	0.000000	0.005254	0.000001
592	0.000000	0.005291	0.000001
593	0.000000	0.005302	0.000001
594	0.000000	0.005334	0.000002
595	0.000000	0.005541	0.000003
596	0.000000	0.005275	0.000001
597	0.000000	0.005646	0.000002
598	0.000000	0.005344	0.000001
599	0.000000	0.005343	0.000001
600	0.000000	0.005377	0.000001
601	0.000000	0.005403	0.000002
602	0.000000	0.005356	0.000001
603	0.000000	0.005399	0.000002
604	0.000000	0.005406	0.000002
605	0.000000	0.005410	0.000002
606	0.000000	0.005424	0.000001
607	0.000000	0.005404	0.000001
608	0.000000	0.005469	0.000001
609	0.000000	0.005471	0.000002
610	0.000000	0.005451	0.000002
611	0.000000	0.005513	0.000002
612	0.000000	0.005495	0.000001
613	0.000000	0.005510	0.000002
614	0.000000	0.005576	0.000001
615	0.000000	0.005591	0.000002
616	0.000000	0.005541	0.000001
617	0.000000	0.005543	0.000002
618	0.000000	0.005509	0.000001
619	0.000000	0.005574	0.000001
620	0.000000	0.005524	0.000001
621	0.000000	0.005671	0.000002
622	0.000000	0.005562	0.000001
623	0.000000	0.005662	0.000002
624	0.000000	0.005494	0.000001
625	0.000000	0.005589	0.000002
626	0.000000	0.005628	0.000002
627	0.000000	0.005617	0.000001
628	0.000000	0.005588	0.000002
629	0.000000	0.005622	0.000002
630	0.000000	0.005675	0.000001
631	0.000000	0.005660	0.000002
632	0.000000	0.005841	0.000002
633	0.000000	0.005536	0.000001
634	0.000000	0.005558	0.000001
635	0.000000	0.005622	0.000001
636	0.000000	0.005612	0.000001
637	0.000000	0.005632	0.000002
638	0.000000	0.005623	0.000001
639	0.000000	0.005631	0.000002
640	0.000000	0.005710	0.000001
641	0.000000	0.005581	0.000001
642	0.000000	0.005644	0.000001
643	0.000000	0.005821	0.000002
644	0.000000	0.005612	0.000001
645	0.000000	0.005775	0.000002
646	0.000000	0.005685	0.000001
647	0.000000	0.005754	0.000001
648	0.000000	0.005665	0.000001
649	0.000000	0.005732	0.000001
650	0.000000	0.005719	0.000001
651	0.000000	0.005745	0.000001
652	0.000000	0.005862	0.000002
653	0.000000	0.005859	0.000002
654	0.000000	0.005774	0.000002
655	0.000000	0.006752	0.000002
656	0.000000	0.006003	0.000002
657	0.000000	0.005900	0.000002
658	0.000000	0.006597	0.000002
659	0.000000	0.005796	0.000002
660	0.000000	0.009483	0.000003
661	0.000000	0.008664	0.000002
662	0.000000	0.006387	0.000002
663	0.000000	0.010031	0.000003
664	0.000000	0.010915	0.000002
665	0.000000	0.007848	0.000002
666	0.000000	0.006109	0.000002
667	0.000000	0.006229	0.000002
668	0.000000	0.006173	0.000002
669	0.000000	0.006341	0.000002
670	0.000000	0.006188	0.000002
671	0.000000	0.006400	0.000003
672	0.000000	0.006004	0.000001
673	0.000000	0.006188	0.000002
674	0.000000	0.006463	0.000002
675	0.000000	0.006095	0.000001
676	0.000000	0.006883	0.000003
677	0.000000	0.010015	0.000003
678	0.000000	0.009460	0.000003
679	0.000000	0.007227	0.000005
680	0.000000	0.005930	0.000001
681	0.000000	0.006335	0.000002
682	0.000000	0.006088	0.000002
683	0.000000	0.006444	0.000002
684	0.000000	0.006521	0.000002
685	0.000000	0.006091	0.000002
686	0.000000	0.006272	0.000002
687	0.000000	0.006200	0.000002
688	0.000000	0.006269	0.000002
689	0.000000	0.006256	0.000002
690	0.000000	0.006532	0.000002
691	0.000000	0.006267	0.000002
692	0.000000	0.006207	0.000002
693	0.000000	0.006430	0.000002
694	0.000000	0.006725	0.000002
695	0.000000	0.006065	0.000002
696	0.000000	0.006974	0.000002
697	0.000000	0.006514	0.000003
698	0.000000	0.006130	0.000002
699	0.000000	0.006365	0.000002
700	0.000000	0.006104	0.000002
701	0.000000	0.006274	0.000002
702	0.000000	0.006454	0.000002
703	0.000000	0.006506	0.000003
704	0.000000	0.006648	0.000003
705	0.000000	0.006371	0.000003
706	0.000000	0.006680	0.000002
707	0.000000	0.006477	0.000002
708	0.000000	0.006209	0.000001
709	0.000000	0.006770	0.000002
710	0.000000	0.006510	0.000003
711	0.000000	0.006670	0.000002
712	0.000000	0.006946	0.000002
713	0.000000	0.006199	0.000002
714	0.000000	0.006300	0.000002
715	0.000000	0.006680	0.000002
716	0.000000	0.006303	0.000003
717	0.000000	0.006583	0.000003
718	0.000000	0.006284	0.000002
719	0.000000	0.006881	0.000002
720	0.000000	0.006752	0.000002
721	0.000000	0.006658	0.000002
722	0.000000	0.006636	0.000002
723	0.000000	0.006749	0.000003
724	0.000000	0.006467	0.000003
725	0.000000	0.006792	0.000002
726	0.000000	0.006834	0.000002
727	0.000000	0.006810	0.000002
728	0.000000	0.006524	0.000002
729	0.000000	0.006476	0.000002
730	0.000000	0.007024	0.000002
731	0.000000	0.006763	0.000002
732	0.000000	0.006570	0.000002
733	0.000000	0.006706	0.000002
734	0.000000	0.006849	0.000002
735	0.000000	0.007827	0.000003
736	0.000000	0.010929	0.000002
737	0.000000	0.006783	0.000002
738	0.000000	0.007010	0.000002
739	0.000000	0.006791	0.000002
740	0.000000	0.006833	0.000002
741	0.000000	0.007305	0.000002
742	0.000000	0.007036	0.000002
743	0.000000	0.006531	0.000002
744	0.000000	0.006523	0.000002
745	0.000000	0.006678	0.000002
746	0.000000	0.006529	0.000003
747	0.000000	0.006645	0.000002
748	0.000000	0.006561	0.000001
749	0.000000	0.006696	0.000002
750	0.000000	0.006850	0.000002
751	0.000000	0.007089	0.000002
752	0.000000	0.006799	0.000002
753	0.000000	0.006964	0.000002
754	0.000000	0.006721	0.000001
755	0.000000	0.006926	0.000002
756	0.000000	0.007078	0.000002
757	0.000000	0.006816	0.000002
758	0.000000	0.006915	0.000002
759	0.000000	0.007111	0.000002
760	0.000000	0.007089	0.000001
761	0.000000	0.007200	0.000002
762	0.000000	0.007086	0.000002
763	0.000000	0.007164	0.000002
764	0.000000	0.006960	0.000002
765	0.000000	0.007084	0.000002
766	0.000000	0.007138	0.000002
767	0.000000	0.007029	0.000002
768	0.000000	0.007099	0.000001
769	0.000000	0.007323	0.000003
770	0.000000	0.006957	0.000002
771	0.000000	0.007152	0.000002
772	0.000000	0.007288	0.000002
773	0.000000	0.007120	0.000002
774	0.000000	0.007178	0.000002
775	0.000000	0.007140	0.000002
776	0.000000	0.007087	0.000002
777	0.000000	0.007279	0.000002
778	0.000000	0.007097	0.000002
779	0.000000	0.007153	0.000002
780	0.000000	0.007009	0.000002
781	0.000000	0.007275	0.000002
782	0.000000	0.007324	0.000002
783	0.000000	0.007210	0.000002
784	0.000000	0.007314	0.000002
785	0.000000	0.007355	0.000001
786	0.000000	0.007906	0.000002
787	0.000000	0.007119	0.000002
788	0.000000	0.007148	0.000001
789	0.000000	0.007153	0.000001
790	0.000000	0.007108	0.000002
791	0.000000	0.007151	0.000002
792	0.000000	0.007083	0.000001
793	0.000000	0.007219	0.000002
794	0.000000	0.007196	0.000002
795	0.000000	0.007354	0.000001
796	0.000000	0.007165	0.000002
797	0.000000	0.007118	0.000002
798	0.000000	0.007405	0.000001
799	0.000000	0.007153	0.000002
800	0.000000	0.007278	0.000002
801	0.000000	0.007857	0.000002
802	0.000000	0.007201	0.000001
803	0.000000	0.007596	0.000002
804	0.000000	0.008238	0.000002
805	0.000000	0.007125	0.000002
806	0.000000	0.007483	0.000002
807	0.000000	0.007471	0.000002
808	0.000000	0.007266	0.000003
809	0.000000	0.007569	0.000002
810	0.000000	0.007334	0.000002
811	0.000000	0.007329	0.000002
812	0.000000	0.007313	0.000002
813	0.000000	0.007689	0.000002
814	0.000000	0.007463	0.000002
815	0.000000	0.007545	0.000002
816	0.000000	0.007366	0.000002
817	0.000000	0.007604	0.000002
818	0.000000	0.007589	0.000002
819	0.000000	0.007746	0.000002
820	0.000000	0.007558	0.000003
821	0.000000	0.007767	0.000002
822	0.000000	0.007526	0.000003
823	0.000000	0.007469	0.000002
824	0.000000	0.007630	0.000002
825	0.000000	0.007687	0.000002
826	0.000000	0.007705	0.000002
827	0.000000	0.007784	0.000002
828	0.000000	0.007625	0.000001
829	0.000000	0.007653	0.000002
830	0.000000	0.007580	0.000002
831	0.000000	0.008236	0.000002
832	0.000000	0.007758	0.000002
833	0.000000	0.007668	0.000002
834	0.000000	0.007767	0.000002
835	0.000000	0.007765	0.000002
836	0.000000	0.007549	0.000002
837	0.000000	0.007900	0.000002
838	0.000000	0.007597	0.000002
839	0.000000	0.008006	0.000002
840	0.000000	0.008208	0.000003
841	0.000000	0.008022	0.000002
842	0.000000	0.007735	0.000002
843	0.000000	0.007954	0.000002
844	0.000000	0.007688	0.000002
845	0.000000	0.007744	0.000002
846	0.000000	0.007792	0.000002
847	0.000000	0.007900	0.000002
848	0.000000	0.007702	0.000002
849	0.000000	0.007942	0.000002
850	0.000000	0.007729	0.000002
851	0.000000	0.007638	0.000002
852	0.000000	0.007891	0.000002
853	0.000000	0.007877	0.000002
854	0.000000	0.008289	0.000002
855	0.000000	0.008242	0.000002
856	0.000000	0.007974	0.000002
857	0.000000	0.007824	0.000002
858	0.000000	0.008124	0.000002
859	0.000000	0.007871	0.000002
860	0.000000	0.007956	0.000002
861	0.000000	0.008149	0.000002
862	0.000000	0.007721	0.000002
863	0.000000	0.008108	0.000002
864	0.000000	0.008067	0.000002
865	0.000000	0.007991	0.000002
866	0.000000	0.007965	0.000002
867	0.000000	0.007996	0.000002
868	0.000000	0.008179	0.000002
869	0.000000	0.008138	0.000002
870	0.000000	0.008176	0.000002
871	0.000000	0.008550	0.000002
872	0.000000	0.008003	0.000002
873	0.000000	0.008124	0.000002
874	0.000000	0.008363	0.000002
875	0.000000	0.010487	0.000003
876	0.000000	0.010096	0.000003
877	0.000000	0.008941	0.000003
878	0.000000	0.008878	0.000002
879	0.000000	0.007985	0.000002
880	0.000000	0.010857	0.000003
881	0.000000	0.009084	0.000002
882	0.000000	0.008032	0.000002
883	0.000000	0.008072	0.000002
884	0.000000	0.008202	0.000002
885	0.000000	0.008373	0.000003
886	0.000000	0.007962	0.000002
887	0.000000	0.008089	0.000002
888	0.000000	0.008081	0.000002
889	0.000000	0.007906	0.000002
890	0.000000	0.008398	0.000002
891	0.000000	0.008256	0.000002
892	0.000000	0.008009	0.000002
893	0.000000	0.008051	0.000002
894	0.000000	0.008006	0.000002
895	0.000000	0.008084	0.000002
896	0.000000	0.008404	0.000001
897	0.000000	0.008625	0.000002
898	0.000000	0.008420	0.000002
899	0.000000	0.011550	0.000004
900	0.000000	0.008712	0.000002
901	0.000000	0.008268	0.000002
902	0.000000	0.008247	0.000001
903	0.000000	0.008066	0.000002
904	0.000000	0.008387	0.000002
905	0.000000	0.008247	0.000002
906	0.000000	0.008253	0.000002
907	0.000000	0.008500	0.000002
908	0.000000	0.008120	0.000002
909	0.000000	0.008485	0.000002
910	0.000000	0.008479	0.000002
911	0.000000	0.008369	0.000002
912	0.000000	0.008363	0.000002
913	0.000000	0.008417	0.000002
914	0.000000	0.008415	0.000001
915	0.000000	0.008453	0.000001
916	0.000000	0.008421	0.000001
917	0.000000	0.008238	0.000001
918	0.000000	0.008422	0.000001
919	0.000000	0.012511	0.000003
920	0.000000	0.015768	0.000003
921	0.000000	0.012481	0.000002
922	0.000000	0.008436	0.000002
923	0.000000	0.008294	0.000002
924	0.000000	0.008365	0.000002
925	0.000000	0.008455	0.000002
926	0.000000	0.008475	0.000002
927	0.000000	0.008516	0.000003
928	0.000000	0.008469	0.000002
929	0.000000	0.008457	0.000002
930	0.000000	0.008592	0.000002
931	0.000000	0.008461	0.000002
932	0.000000	0.008524	0.000001
933	0.000000	0.008543	0.000001
934	0.000000	0.008522	0.000002
935	0.000000	0.008686	0.000002
936	0.000000	0.008524	0.000002
937	0.000000	0.008657	0.000002
938	0.000000	0.008574	0.000002
939	0.000000	0.008718	0.000002
940	0.000000	0.008645	0.000002
941	0.000000	0.008815	0.000002
942	0.000000	0.009325	0.000002
943	0.000000	0.014363	0.000003
944	0.000000	0.009768	0.000002
945	0.000000	0.008830	0.000002
946	0.000000	0.008586	0.000002
947	0.000000	0.008623	0.000002
948	0.000000	0.008506	0.000002
949	0.000000	0.008748	0.000002
950	0.000000	0.008796	0.000002
951	0.000000	0.008743	0.000002
952	0.000000	0.008785	0.000002
953	0.000000	0.008625	0.000002
954	0.000000	0.008980	0.000002
955	0.000000	0.008932	0.000002
956	0.000000	0.008870	0.000002
957	0.000000	0.008811	0.000002
958	0.000000	0.008835	0.000002
959	0.000000	0.008857	0.000002
960	0.000000	0.008797	0.000001
961	0.000000	0.008868	0.000002
962	0.000000	0.008889	0.000001
963	0.000000	0.008937	0.000002
964	0.000000	0.008866	0.000002
965	0.000000	0.009004	0.000001
966	0.000000	0.009057	0.000002
967	0.000000	0.009152	0.000002
968	0.000000	0.009272	0.000002
969	0.000000	0.008985	0.000002
970	0.000000	0.008643	0.000002
971	0.000000	0.008698	0.000002
972	0.000000	0.008655	0.000002
973	0.000000	0.008904	0.000002
974	0.000000	0.008576	0.000002
975	0.000000	0.008868	0.000002
976	0.000000	0.008931	0.000001
977	0.000000	0.008817	0.000002
978	0.000000	0.008854	0.000002
979	0.000000	0.008885	0.000002
980	0.000000	0.008968	0.000002
981	0.000000	0.009021	0.000002
982	0.000000	0.008968	0.000002
983	0.000000	0.009063	0.000002
984	0.000000	0.011478	0.000003
985	0.000000	0.012030	0.000002
986	0.000000	0.009130	0.000002
987	0.000000	0.008877	0.000003
988	0.000000	0.009060	0.000002
989	0.000000	0.009173	0.000002
990	0.000000	0.009171	0.000002
991	0.000000	0.009125	0.000002
992	0.000000	0.009622	0.000002
993	0.000000	0.009136	0.000002
994	0.000000	0.009244	0.000002
995	0.000000	0.008903	0.000002
996	0.000000	0.008984	0.000002
997	0.000000	0.008925	0.000002
998	0.000000	0.008959	0.000002
999	0.000000	0.008971	0.000002
